0 0 0
1 138 33
2 195 18
3 164 144
4 189 216
5 278 145
6 375 162
7 468 171
8 535 93
9 604 -40
10 469 -110
11 371 -173
12 294 -180
13 272 -112
14 264 8
15 414 -30
16 334 -87
17 305 -262
18 231 -307
19 179 -174
20 162 -92
21 99 -92
23 -95 -87
24 -105 -214
25 -200 -123
26 -264 -23
27 -275 83
28 -257 -262
29 -243 -333
30 -135 -305
31 36 -305
32 187 -310
33 69 -175
34 -63 104
35 -86 193
36 -4 255
37 153 253
38 -86 240
39 -205 246
40 -204 77
41 -179 -265
42 -87 -137

0 1
0 34
1 2
1 3
1 34
2 13
2 3
3 4
4 5
4 37
5 14
5 6
6 7
7 8
8 9
9 10
10 11
10 15
10 16
10 14
10 12
10 13
11 16
11 15
11 17
11 12
11 14
11 13
12 16
12 18
12 13
12 17
13 14
14 16
15 16
17 18
18 19
18 32
19 32
19 20
20 21
21 23
23 42
23 34
24 33
24 30
24 25
24 42
24 41
25 26
25 28
25 42
26 27
26 28
27 40
28 29
28 41
30 31
30 41
31 32
34 35
35 38
36 37
36 38
38 39
39 40